 0.1608    0.1569    0.0980
    0.2706    0.2667    0.1882
    0.2235    0.2078    0.1333
    0.0549    0.0392         0
    0.2431    0.2314    0.1137
    0.0706    0.0549         0
    0.0510    0.0353         0
    0.0784    0.0667         0
    0.3137    0.2941    0.0235
    0.2431    0.2196    0.0039
    0.1765    0.1529         0
    0.2118    0.1725         0
    0.1059    0.0667         0
    0.1686    0.1255         0
    0.2902    0.2667    0.0510
    0.2000    0.1765         0
    0.2627    0.2235    0.0392
    0.1608    0.1216         0
    0.2314    0.2078    0.0431
    0.2078    0.1843    0.0196
    0.2392    0.2118    0.0706
    0.1412    0.1137         0
    0.1059    0.0824         0
    0.0745    0.0510         0
    0.0941    0.0667         0
    0.1098    0.0784         0
    0.1176    0.0863         0
    0.0314         0         0
    0.0863    0.0510         0
    0.2745    0.2706    0.2039
    0.3020    0.3020    0.1804
    0.2000    0.2000    0.1098
    0.1569    0.1608    0.0275
    0.2039    0.2039    0.1137
    0.1059    0.1098         0
    0.2078    0.2039    0.1255
    0.0941    0.0902    0.0118
    0.1098    0.0980         0
    0.3804    0.3765    0.3176
    0.3373    0.3333    0.2745
    0.3412    0.3373    0.2941
    0.2118    0.2078    0.1647
    0.2824    0.2549    0.2353
    0.2000    0.2000    0.1020
    0.1451    0.1451    0.0471
    0.1804    0.1765    0.1098
    0.1882    0.1647    0.1255
    0.2902    0.2941    0.1333
    0.1490    0.1490    0.0510
    0.1529    0.1529    0.0549
    0.2392    0.2353    0.1686
    0.0941    0.0902    0.0235
    0.2510    0.2275    0.1882
    0.2353    0.2353    0.1294
    0.2275    0.2275    0.1216
    0.2706    0.2667    0.2000
    0.2039    0.2000    0.1333
    0.3059    0.2784    0.2510
    0.2392    0.2471    0.0745
    0.1882    0.1882    0.0824
    0.1843    0.1843    0.0784
    0.2392    0.2353    0.1686
    0.1882    0.1843    0.1176
    0.3059    0.2784    0.2510
    0.1529    0.1569    0.0078
    0.1333    0.1333    0.0431
    0.2275    0.2275    0.1373
    0.2039    0.2000    0.1412
    0.1255    0.1216    0.0627
    0.2235    0.2000    0.1529
    0.0941    0.0980         0
    0.0745    0.0745         0
    0.1529    0.1529    0.0627
    0.1294    0.1255    0.0667
    0.1490    0.1255    0.0784
    0.1098    0.0941    0.0471
    0.0863    0.0706    0.0314
         0         0         0
    0.3608    0.3569    0.2980
    0.2941    0.2902    0.2314
    0.4353    0.4314    0.3529
    0.2588    0.2588    0.1686
    0.2078    0.2078    0.1176
    0.4157    0.4157    0.3098
    0.2471    0.2471    0.1569
    0.2471    0.2471    0.1569
    0.4235    0.4235    0.3176
    0.3765    0.3725    0.3059
    0.4235    0.4196    0.3529
    0.2667    0.2588    0.2627
    0.2667    0.2588    0.2627
    0.2667    0.2588    0.2627
    0.2667    0.2588    0.2627
    0.2667    0.2588    0.2627
    0.2000    0.1882    0.2275
    0.1843    0.1804    0.1373
    0.2000    0.1922    0.1961
    0.2039    0.1961    0.2000
    0.2039    0.1961    0.2000
    0.2039    0.1961    0.2000
    0.2039    0.1961    0.2000
    0.2039    0.1961    0.2000
    0.1255    0.1137    0.1529
    0.1098    0.1059    0.0627
    0.1176    0.1255         0
    0.1098    0.1176         0
    0.1059    0.1020    0.0431
    0.1059    0.1020    0.0431
    0.1059    0.0980    0.1020
    0.1098    0.1020    0.1059
    0.1098    0.1020    0.1059
    0.1216    0.1137    0.1176
    0.1294    0.1216    0.1255
    0.1373    0.1294    0.1333
    0.1882    0.1765    0.2157
    0.1216    0.1098    0.1490
    0.1843    0.1804    0.1373
    0.1373    0.1451         0
    0.1333    0.1412         0
    0.1333    0.1294    0.0706
    0.1333    0.1294    0.0706
    0.1333    0.1255    0.1294
    0.1333    0.1255    0.1294
    0.1333    0.1255    0.1294
    0.1451    0.1373    0.1412
    0.1529    0.1451    0.1490
    0.1529    0.1451    0.1490
    0.1882    0.1765    0.2157
    0.1216    0.1098    0.1490
    0.1843    0.1804    0.1373
    0.1686    0.1608         0
    0.1647    0.1569         0
    0.1569    0.1529    0.1098
    0.1569    0.1529    0.1098
    0.1529    0.1451    0.1490
    0.1529    0.1451    0.1490
    0.1529    0.1451    0.1490
    0.1569    0.1490    0.1529
    0.1608    0.1529    0.1569
    0.1608    0.1529    0.1569
    0.1882    0.1765    0.2157
    0.1216    0.1098    0.1490
    0.1882    0.1843    0.1412
    0.1765    0.1686         0
    0.1765    0.1686         0
    0.1608    0.1569    0.1137
    0.1608    0.1569    0.1137
    0.1608    0.1529    0.1569
    0.1608    0.1529    0.1569
    0.1608    0.1529    0.1569
    0.1647    0.1569    0.1608
    0.1647    0.1569    0.1608
    0.1647    0.1569    0.1608
    0.1882    0.1765    0.2157
    0.1373    0.1255    0.1647
    0.1882    0.1843    0.1412
    0.2039    0.1804         0
    0.2039    0.1804         0
    0.1882    0.1765    0.0902
    0.1882    0.1765    0.0902
    0.1765    0.1686    0.1725
    0.1765    0.1686    0.1725
    0.1765    0.1686    0.1725
    0.1765    0.1686    0.1725
    0.1804    0.1725    0.1765
    0.1882    0.1804    0.1843
    0.1843    0.1725    0.2118
    0.1882    0.1765    0.2157
    0.1882    0.1843    0.1412
    0.2078    0.1843         0
    0.2118    0.1882         0
    0.1922    0.1804    0.0941
    0.1922    0.1804    0.0941
    0.1843    0.1765    0.1804
    0.1843    0.1765    0.1804
    0.1843    0.1765    0.1804
    0.1843    0.1765    0.1804
    0.1843    0.1765    0.1804
    0.1882    0.1804    0.1843
    0.1882    0.1765    0.2157
    0.1882    0.1765    0.2157
    0.1922    0.1882    0.1451
    0.1922    0.1882    0.1451
    0.2118    0.1843         0
    0.2157    0.1882         0
    0.1961    0.1686    0.1765
    0.1961    0.1686    0.1765
    0.1804    0.1725    0.1765
    0.1804    0.1725    0.1765
    0.1804    0.1725    0.1765
    0.1804    0.1725    0.1765
    0.1804    0.1725    0.1765
    0.1804    0.1725    0.1765
    0.1843    0.1725    0.2118
    0.1843    0.1725    0.2118
    0.1843    0.1804    0.1373
    0.1843    0.1804    0.1373
    0.2118    0.1843         0
    0.2157    0.1882         0
    0.1961    0.1686    0.1765
    0.1961    0.1686    0.1765
    0.1804    0.1725    0.1765
    0.1804    0.1725    0.1765
    0.1804    0.1725    0.1765
    0.1804    0.1725    0.1765
    0.1804    0.1725    0.1765
    0.1804    0.1725    0.1765
    0.1804    0.1686    0.2078
    0.1804    0.1686    0.2078
    0.1804    0.1765    0.1333
    0.1804    0.1765    0.1333
    0.1961    0.1686         0
    0.2000    0.1725         0
    0.1804    0.1529    0.1608
    0.1804    0.1529    0.1608
    0.1647    0.1569    0.1608
    0.1647    0.1569    0.1608
    0.1647    0.1569    0.1608
    0.1647    0.1569    0.1608
    0.1647    0.1569    0.1608
    0.1647    0.1569    0.1608
    0.1647    0.1529    0.1922
    0.1647    0.1529    0.1922
    0.1647    0.1608    0.1176
    0.1647    0.1608    0.1176
    0.1922    0.1647         0
    0.1961    0.1686         0
    0.1765    0.1490    0.1569
    0.1765    0.1490    0.1569
    0.1608    0.1529    0.1569
    0.1608    0.1529    0.1569
    0.1608    0.1529    0.1569
    0.1608    0.1529    0.1569
    0.1608    0.1529    0.1569
    0.1608    0.1529    0.1569
    0.1608    0.1490    0.1882
    0.1608    0.1490    0.1882
    0.1608    0.1569    0.1137
    0.1608    0.1569    0.1137
    0.1725    0.1529         0
    0.1765    0.1569         0
    0.1608    0.1451    0.0706
    0.1608    0.1451    0.0706
    0.1490    0.1412    0.1451
    0.1451    0.1373    0.1412
    0.1451    0.1373    0.1412
    0.1451    0.1373    0.1412
    0.1451    0.1373    0.1412
    0.1451    0.1373    0.1412
    0.1373    0.1255    0.1647
    0.1373    0.1255    0.1647
    0.1373    0.1333    0.0902
    0.1725    0.1686    0.1255
    0.1725    0.1529         0
    0.1765    0.1569         0
    0.1608    0.1451    0.0706
    0.1608    0.1451    0.0706
    0.1490    0.1412    0.1451
    0.1451    0.1373    0.1412
    0.1373    0.1294    0.1333
    0.1373    0.1294    0.1333
    0.1333    0.1255    0.1294
    0.1294    0.1216    0.1255
    0.1294    0.1176    0.1569
    0.1255    0.1137    0.1529
    0.1255    0.1216    0.0784
    0.1804    0.1765    0.1333
    0.1373    0.1216         0
    0.1176    0.1020         0
    0.0588    0.0431    0.0039
    0.0549    0.0471    0.0510
    0.0549    0.0471    0.0510
    0.0706    0.0627    0.0667
    0.0902    0.0824    0.0863
    0.1176    0.1098    0.1137
    0.1216    0.1137    0.1176
    0.1059    0.0941    0.1333
         0         0    0.0235
    0.1020    0.0980    0.0549
    0.1569    0.1412    0.1020
    0.1373    0.1216    0.0824
    0.1098    0.1020    0.1059
    0.1059    0.0980    0.1020
    0.0902    0.0824    0.0863
    0.0902    0.0824    0.0863
    0.0941    0.0863    0.0902
    0.1216    0.1137    0.1176
    0.0980    0.0863    0.1255
         0         0    0.0157
    0.0941    0.0902    0.0471
    0.1804    0.1725    0.1765
    0.1843    0.1765    0.1804
    0.1804    0.1725    0.1765
    0.1529    0.1451    0.1490
    0.1216    0.1137    0.1176
    0.1255    0.1176    0.1216
    0.1020    0.0902    0.1294
         0         0    0.0196
    0.0980    0.0941    0.0510
    0.2863    0.2784    0.2824
    0.2118    0.2039    0.2078
    0.1804    0.1725    0.1765
    0.1569    0.1451    0.1843
    0.1529    0.1490    0.1059
    0.4039    0.3686    0.2863
    0.3294    0.2941    0.1961
    0.4000    0.3804    0.2941
    0.3843    0.3647    0.2784
    0.3216    0.2863    0.2039
    0.1882    0.1529    0.0706
    0.2392    0.2039    0.1059
    0.4392    0.4118    0.2863
    0.3216    0.2941    0.1686
    0.2118    0.1647    0.0627
    0.2980    0.2471    0.1255
    0.3490    0.3216    0.1961
    0.2667    0.2196    0.1176
    0.2235    0.1765    0.0745
    0.2863    0.2353    0.1137
    0.3137    0.2980    0.1686
    0.2275    0.2118    0.0824
    0.2157    0.1804    0.0824
    0.1529    0.1176    0.0196
    0.1882    0.1412    0.0314
    0.4196    0.4118    0.2549
    0.2510    0.2353    0.1059
    0.1647    0.1490    0.0196
         0         0         0
    0.2980    0.2980    0.2078
    0.2118    0.2118    0.1216
    0.0863    0.0627         0
         0         0         0
    0.3882    0.3647    0.2902
    0.3098    0.2863    0.2118
    0.2706    0.2510    0.1647
    0.3294    0.3059    0.2314
    0.2784    0.2549    0.1804
    0.2745    0.2510    0.1961
    0.2353    0.2118    0.1569
    0.2078    0.1922    0.1529
    0.2196    0.2039    0.1647
    0.3098    0.2863    0.2235
    0.3412    0.3176    0.1098
    0.2078    0.1765    0.0431
    0.1529    0.1216         0
    0.1529    0.1216    0.0157
    0.1216    0.0902         0
    0.1216    0.0980    0.0431
    0.1922    0.1686    0.1137
    0.3098    0.2902    0.1961
    0.3373    0.3137    0.1059
    0.2549    0.2235    0.0902
    0.2078    0.1765    0.0431
    0.2000    0.1686    0.0627
    0.2118    0.1804    0.0745
    0.2471    0.2235    0.1686
    0.2902    0.2667    0.2118
    0.3255    0.3020    0.0941
    0.2863    0.2549    0.1020
    0.2549    0.2235    0.0706
    0.2549    0.2275    0.1020
    0.2824    0.2549    0.1294
    0.2745    0.2510    0.1765
    0.2510    0.2275    0.1529
    0.3765    0.3569    0.2549
    0.3216    0.2980    0.0902
    0.2667    0.2353    0.0824
    0.2275    0.1961    0.0431
    0.2353    0.2078    0.0824
    0.2863    0.2588    0.1333
    0.2784    0.2549    0.1804
    0.2039    0.1804    0.1059
    0.3137    0.2941    0.1922
    0.2275    0.2039    0.0235
    0.1725    0.1451    0.0039
    0.1176    0.0902         0
    0.1294    0.1020         0
    0.1961    0.1686    0.0431
    0.2078    0.1882    0.1020
    0.1765    0.1569    0.0706
    0.2980    0.2784    0.1686
    0.1608    0.1373         0
    0.0863    0.0588         0
    0.0745    0.0471         0
    0.0902    0.0627         0
    0.1490    0.1216         0
    0.1451    0.1255    0.0392
    0.1686    0.1490    0.0627
    0.3294    0.3098    0.2000
    0.0941    0.0745         0
    0.0392    0.0196         0
    0.0627    0.0431         0
    0.0784    0.0588         0
    0.0784    0.0588         0
    0.0745    0.0588         0
    0.1882    0.1725    0.0980
    0.2824    0.2706    0.1608
    0.1451    0.1255    0.0157
    0.0824    0.0627         0
    0.0471    0.0314         0
    0.1333    0.1176    0.0431
    0.1843    0.1725    0.0627
    0.1922    0.1765    0.1020
    0.1922    0.1765    0.1020
    0.1451    0.1255    0.0157
    0.1176    0.0980         0
    0.1686    0.1490    0.0392
    0.1373    0.1176    0.0078
    0.1255    0.1098         0
    0.0627    0.0471         0
    0.1216    0.1333         0
    0.0902    0.0745         0
    0.0314    0.0157         0
    0.2000    0.1608         0
    0.2667    0.2275    0.2275
    0.2392    0.2000    0.1843
    0.2902    0.2510    0.2353
    0.2353    0.2157    0.2118
    0.2157    0.1961    0.1922
    0.2000    0.1725    0.1686
    0.1765    0.1490    0.1451
    0.1608    0.1216    0.1216
    0.1451    0.1059    0.0902
    0.2039    0.1647    0.0941
    0.2039    0.1647    0.0941
    0.2000    0.1647    0.1294
    0.2039    0.1686    0.1333
    0.2000    0.1608    0.1608
    0.1961    0.1569    0.1569
    0.1882    0.1490    0.1608
    0.1882    0.1490    0.1608
    0.1882    0.1451    0.1451
    0.1843    0.1412    0.1412
    0.1765    0.1333    0.1333
    0.1569    0.1137    0.1137
    0.1529    0.0980    0.0863
    0.1529    0.0980    0.0863
    0.1765    0.1412    0.1059
    0.1804    0.1451    0.1098
    0.1765    0.1373    0.1373
    0.1804    0.1412    0.1412
    0.1843    0.1451    0.1569
    0.1843    0.1451    0.1569
    0.1922    0.1490    0.1490
    0.2000    0.1569    0.1569
    0.2039    0.1608    0.1608
    0.2078    0.1647    0.1647
    0.2078    0.1529    0.1412
    0.1647    0.1098    0.0980
    0.1882    0.1333    0.0314
    0.1961    0.1412    0.0392
    0.2000    0.1373    0.1412
    0.2000    0.1373    0.1412
    0.2039    0.1373    0.1647
    0.2078    0.1412    0.1686
    0.2275    0.1490    0.1961
    0.2314    0.1529    0.2000
    0.2314    0.1529    0.2000
    0.2353    0.1569    0.2039
    0.2235    0.1608    0.1490
    0.1412    0.0784    0.0667
    0.2667    0.1882    0.1255
    0.1922    0.1373    0.0353
    0.2039    0.1490    0.0471
    0.2078    0.1451    0.1490
    0.2078    0.1451    0.1490
    0.2157    0.1490    0.1765
    0.2196    0.1529    0.1804
    0.2314    0.1529    0.2000
    0.2353    0.1569    0.2039
    0.2392    0.1608    0.2078
    0.2510    0.1725    0.2196
    0.2431    0.1804    0.1686
    0.1451    0.0824    0.0706
    0.2588    0.1804    0.1176
    0.2353    0.1569    0.0275
    0.2353    0.1451    0.1569
    0.2392    0.1490    0.1608
    0.2431    0.1490    0.1922
    0.2471    0.1529    0.1961
    0.2471    0.1608    0.2078
    0.2510    0.1647    0.2118
    0.2510    0.1725    0.2275
    0.2588    0.1804    0.2353
    0.2588    0.1843    0.1765
    0.1608    0.0863    0.0784
    0.2627    0.1843    0.0549
    0.2471    0.1686    0.0392
    0.2392    0.1490    0.1608
    0.2471    0.1569    0.1686
    0.2510    0.1569    0.2000
    0.2510    0.1569    0.2000
    0.2588    0.1725    0.2196
    0.2627    0.1765    0.2235
    0.2588    0.1804    0.2353
    0.2627    0.1843    0.2392
    0.2706    0.1961    0.1882
    0.1765    0.1020    0.0941
    0.3373    0.2667    0.0627
    0.2392    0.1608    0.0314
    0.2471    0.1569    0.1686
    0.2471    0.1569    0.1686
    0.2471    0.1608    0.2000
    0.2510    0.1647    0.2039
    0.2549    0.1765    0.2157
    0.2588    0.1804    0.2196
    0.2549    0.1882    0.2314
    0.2588    0.1922    0.2353
    0.2706    0.1961    0.1882
    0.1961    0.1216    0.1137
    0.3373    0.2667    0.0627
    0.2275    0.1490    0.0196
    0.2431    0.1529    0.1647
    0.2431    0.1529    0.1647
    0.2431    0.1569    0.1961
    0.2471    0.1608    0.2000
    0.2510    0.1725    0.2118
    0.2588    0.1804    0.2196
    0.2588    0.1922    0.2353
    0.2627    0.1961    0.2392
    0.2706    0.1961    0.1882
    0.1961    0.1216    0.1137
    0.3255    0.2667    0.0784
    0.2118    0.1490    0.0314
    0.2392    0.1569    0.1647
    0.2353    0.1529    0.1608
    0.2275    0.1490    0.1804
    0.2275    0.1490    0.1804
    0.2118    0.1529    0.1804
    0.2157    0.1569    0.1843
    0.2118    0.1647    0.1961
    0.2078    0.1608    0.1922
    0.2078    0.1529    0.1569
    0.1608    0.1059    0.1098
    0.2902    0.2314    0.0431
    0.2000    0.1373    0.0196
    0.2392    0.1569    0.1647
    0.2314    0.1490    0.1569
    0.2118    0.1333    0.1647
    0.2118    0.1333    0.1647
    0.2000    0.1412    0.1686
    0.2000    0.1412    0.1686
    0.1882    0.1412    0.1725
    0.1843    0.1373    0.1686
    0.1843    0.1294    0.1333
    0.1451    0.0902    0.0941
    0.1647    0.1176    0.0314
    0.1686    0.1137    0.1098
    0.1725    0.1176    0.1137
    0.1804    0.1216    0.1490
    0.1843    0.1255    0.1529
    0.1765    0.1294    0.1529
    0.1765    0.1294    0.1529
    0.1725    0.1255    0.1569
    0.1725    0.1255    0.1569
    0.1686    0.1137    0.1176
    0.1451    0.0902    0.0941
    0.1569    0.1098    0.0235
    0.1294    0.0745    0.0706
    0.1333    0.0784    0.0745
    0.1451    0.0863    0.1137
    0.1569    0.0980    0.1255
    0.1569    0.1098    0.1333
    0.1608    0.1137    0.1373
    0.1569    0.1098    0.1412
    0.1529    0.1059    0.1373
    0.1412    0.0863    0.0902
    0.1137    0.0588    0.0627
    0.1176    0.0941    0.0196
    0.1216    0.0824    0.0745
    0.1216    0.0824    0.0745
    0.1255    0.0863    0.0980
    0.1294    0.0902    0.1020
    0.1412    0.0980    0.1294
    0.1294    0.0863    0.1176
    0.1098    0.0667    0.0784
    0.0824    0.0392    0.0510
    0.1020    0.0627    0.0549
    0.0980    0.0588    0.0510
    0.0941    0.0549    0.0667
    0.0941    0.0549    0.0667
    0.0824    0.0549    0.0627
    0.0863    0.0588    0.0667
    0.0863    0.0431    0.0745
    0.0863    0.0431    0.0745
    0.0745    0.0314    0.0431
    0.0667    0.0235    0.0353
    0.0980    0.0667    0.0941
    0.0902    0.0471    0.0784
    0.0745    0.0314    0.0627
    0.1059    0.0627    0.0745
    0.0627    0.0196    0.0314
