    0.4118    0.1137    0.1412
    0.4549    0.1569    0.1843
    0.4745    0.1333    0.1608
    0.4863    0.1255    0.1412
    0.5059    0.1255    0.1373
    0.4784    0.1176    0.1412
    0.5490    0.1686    0.1647
    0.5725    0.1882    0.2000
    0.5686    0.2000    0.2000
    0.4902    0.1176    0.1451
    0.4275    0.0784    0.0706
    0.4353    0.0784    0.0745
    0.4667    0.0863    0.0902
    0.5020    0.1216    0.1333
    0.4471    0.0902    0.0941
    0.4431    0.0863    0.0902
    0.4353    0.0784    0.0824
    0.3961    0.0863    0.1176
    0.4000    0.0824    0.1020
    0.4314    0.0706    0.0941
    0.4588    0.0745    0.0980
    0.4549    0.0863    0.0941
    0.4627    0.0902    0.1098
    0.4706    0.1686    0.2157
    0.3294    0.1765    0.2118
    0.4667    0.1137    0.1255
    0.4588    0.1137    0.1412
    0.6314    0.2000    0.2039
    0.4588    0.1490    0.1373
    0.6000    0.2039    0.2039
    0.6314    0.2039    0.2235
    0.6196    0.1529    0.1608
    0.5059    0.0784    0.0902
    0.5333    0.0824    0.1020
    0.5216    0.0706    0.0902
    0.5843    0.1255    0.1294
    0.6118    0.1490    0.1373
    0.6118    0.1451    0.1529
    0.6157    0.1490    0.1647
    0.5490    0.1059    0.1216
    0.5333    0.0706    0.0941
    0.5255    0.0745    0.0941
    0.6157    0.1922    0.1922
    0.6392    0.2000    0.2039
    0.5255    0.0745    0.0941
    0.5490    0.0784    0.1059
    0.5647    0.0784    0.0902
    0.5804    0.0745    0.0941
    0.6039    0.1569    0.2078
    0.5569    0.0902    0.1412
    0.5647    0.1176    0.1608
    0.6235    0.2235    0.2157
    0.6118    0.1490    0.1373
    0.5255    0.0745    0.0941
    0.5294    0.0902    0.0941
    0.5451    0.0745    0.1020
    0.4471    0.0902    0.0941
    0.5020    0.0863    0.1098
    0.5020    0.0863    0.1098
    0.4902    0.0941    0.1098
    0.6980    0.2627    0.2941
    0.7098    0.1725    0.1922
    0.7569    0.2275    0.2000
    0.6784    0.1451    0.1294
    0.7137    0.2078    0.2275
    0.8039    0.3176    0.2941
    0.8314    0.2980    0.2902
    0.8706    0.2902    0.2902
    0.8667    0.3373    0.3020
    0.8745    0.3255    0.3059
    0.8627    0.3333    0.3059
    0.8235    0.3569    0.3725
    0.8157    0.2353    0.2353
    0.7686    0.1922    0.1725
    0.8392    0.2902    0.2980
    0.7725    0.1961    0.1765
    0.7686    0.2078    0.1922
    0.7569    0.1961    0.1804
    0.6902    0.1529    0.1569
    0.7882    0.2118    0.2000
    0.7765    0.2157    0.2000
    0.7412    0.1765    0.1804
    0.7686    0.1686    0.1843
    0.8039    0.1961    0.1961
    0.7882    0.2235    0.2275
    0.7922    0.2471    0.2431
    0.7647    0.2196    0.2157    
    0.4157    0.2118    0.2510
    0.4431    0.1373    0.2039
    0.4706    0.1529    0.2157
    0.4667    0.1294    0.2000
    0.4275    0.1373    0.1922
    0.4275    0.1490    0.2000
    0.3569    0.1804    0.2039
    0.4157    0.2078    0.2588
    0.4667    0.1412    0.2078
